# 3ds Max Wavefront OBJ Exporter v0.97b - (c)2007 guruware
# File Created: 01.03.2018 10:12:56

mtllib Fences1.mtl

#
# object Cube_015
#

v  1828.0770 900.8492 -15325.7051
v  1789.3927 1054.6123 -15302.9180
v  1762.4154 1054.6123 -15348.7158
v  1801.0997 900.8492 -15371.5029
v  -153.6990 405.2752 -14220.0293
v  -115.0145 251.5122 -14242.8164
v  -126.7216 405.2753 -14174.2314
v  -88.0372 251.5122 -14197.0186
# 8 vertices

vn -0.8271 -0.2803 0.4872
vn 0.5075 0.0000 0.8616
vn 0.8271 0.2803 -0.4872
vn -0.5075 -0.0000 -0.8616
vn -0.2415 0.9599 0.1423
vn 0.2415 -0.9599 -0.1423
# 6 vertex normals

g Cube_015
usemtl Material_049
s off
f 1//1 2//1 3//1 4//1 
f 4//2 3//2 5//2 6//2 
f 6//3 5//3 7//3 8//3 
f 8//4 7//4 2//4 1//4 
f 4//5 6//5 8//5 1//5 
f 5//6 3//6 2//6 7//6 
# 6 polygons

#
# object Cube_014
#

v  1677.9379 214.6223 -15106.8545
v  1619.8407 214.6223 -15205.4824
v  1718.4685 214.6223 -15263.5791
v  1776.5657 214.6223 -15164.9512
v  1677.9379 1433.0122 -15106.8545
v  1776.5657 1433.0122 -15164.9512
v  1718.4685 1433.0122 -15263.5801
v  1619.8407 1433.0122 -15205.4834
# 8 vertices

vn 0.0000 -1.0000 0.0000
vn -0.0000 1.0000 -0.0000
vn -0.8616 -0.0000 0.5075
vn -0.5075 -0.0000 -0.8616
vn 0.8616 0.0000 -0.5075
vn 0.5075 0.0000 0.8616
# 6 vertex normals

g Cube_014
usemtl Material_051
s off
f 9//7 10//7 11//7 12//7 
f 13//8 14//8 15//8 16//8 
f 9//9 13//9 16//9 10//9 
f 10//10 16//10 15//10 11//10 
f 11//11 15//11 14//11 12//11 
f 13//12 9//12 12//12 14//12 
# 6 polygons

#
# object Cube_013
#

v  152.9737 1173.7133 -14338.9854
v  139.4039 1333.1212 -14330.9922
v  112.4266 1333.1212 -14376.7910
v  125.9964 1173.7133 -14384.7842
v  -1874.0293 1105.3602 -13206.6689
v  -1860.4595 945.9523 -13214.6621
v  -1847.0520 1105.3602 -13160.8711
v  -1833.4822 945.9523 -13168.8643
# 8 vertices

vn -0.8575 -0.0983 0.5051
vn 0.5075 0.0000 0.8616
vn 0.8575 0.0983 -0.5051
vn -0.5075 -0.0000 -0.8616
vn -0.0847 0.9952 0.0499
vn 0.0847 -0.9952 -0.0499
# 6 vertex normals

g Cube_013
usemtl Material_053
s off
f 17//13 18//13 19//13 20//13 
f 20//14 19//14 21//14 22//14 
f 22//15 21//15 23//15 24//15 
f 24//16 23//16 18//16 17//16 
f 20//17 22//17 24//17 17//17 
f 21//18 19//18 18//18 23//18 
# 6 polygons

#
# object Cube_012
#

v  145.3406 513.0703 -14334.4893
v  153.3460 672.9852 -14339.2051
v  126.3686 672.9852 -14385.0029
v  118.3633 513.0702 -14380.2871
v  -1866.3961 807.3622 -13211.1650
v  -1874.4015 647.4482 -13206.4502
v  -1839.4188 807.3622 -13165.3672
v  -1847.4242 647.4482 -13160.6514
# 8 vertices

vn -0.8602 0.0580 0.5067
vn 0.5075 0.0000 0.8616
vn 0.8602 -0.0580 -0.5067
vn -0.5075 -0.0000 -0.8616
vn 0.0500 0.9983 -0.0294
vn -0.0500 -0.9983 0.0294
# 6 vertex normals

g Cube_012
usemtl Material_055
s off
f 25//19 26//19 27//19 28//19 
f 28//20 27//20 29//20 30//20 
f 30//21 29//21 31//21 32//21 
f 32//22 31//22 26//22 25//22 
f 28//23 30//23 32//23 25//23 
f 29//24 27//24 26//24 31//24 
# 6 polygons

#
# object Cube_011
#

v  -1750.5393 214.6223 -13087.3105
v  -1808.6365 214.6223 -13185.9385
v  -1710.0084 214.6223 -13244.0361
v  -1651.9113 214.6223 -13145.4072
v  -1750.5393 1433.0122 -13087.3105
v  -1651.9113 1433.0122 -13145.4072
v  -1710.0084 1433.0122 -13244.0361
v  -1808.6365 1433.0122 -13185.9395
# 8 vertices

vn 0.0000 -1.0000 0.0000
vn -0.0000 1.0000 -0.0000
vn -0.8616 -0.0000 0.5075
vn -0.5075 -0.0000 -0.8616
vn 0.8616 0.0000 -0.5075
vn 0.5075 0.0000 0.8616
# 6 vertex normals

g Cube_011
usemtl Material_052
s off
f 33//25 34//25 35//25 36//25 
f 37//26 38//26 39//26 40//26 
f 33//27 37//27 40//27 34//27 
f 34//28 40//28 39//28 35//28 
f 35//29 39//29 38//29 36//29 
f 37//30 33//30 36//30 38//30 
# 6 polygons

#
# object Cube_010
#

v  1857.9059 1168.1143 -15343.2754
v  1841.9036 1327.2183 -15333.8496
v  1814.9263 1327.2183 -15379.6475
v  1830.9286 1168.1143 -15389.0732
v  -167.7375 1058.6143 -14211.7598
v  -151.7354 899.5103 -14221.1855
v  -140.7602 1058.6143 -14165.9619
v  -124.7580 899.5103 -14175.3877
# 8 vertices

vn -0.8558 -0.1159 0.5041
vn 0.5075 0.0000 0.8616
vn 0.8558 0.1159 -0.5041
vn -0.5075 -0.0000 -0.8616
vn -0.0999 0.9933 0.0588
vn 0.0999 -0.9933 -0.0588
# 6 vertex normals

g Cube_010
usemtl Material_050
s off
f 41//31 42//31 43//31 44//31 
f 44//32 43//32 45//32 46//32 
f 46//33 45//33 47//33 48//33 
f 48//34 47//34 42//34 41//34 
f 44//35 46//35 48//35 41//35 
f 45//36 43//36 42//36 47//36 
# 6 polygons

#
# object Cube_009
#

v  -20.2657 214.6223 -14106.5273
v  -78.3630 214.6223 -14205.1563
v  20.2658 214.6223 -14263.2539
v  78.3631 214.6223 -14164.6250
v  -20.2658 1433.0122 -14106.5273
v  78.3630 1433.0122 -14164.6250
v  20.2657 1433.0122 -14263.2539
v  -78.3631 1433.0122 -14205.1563
# 8 vertices

vn 0.0000 -1.0000 0.0000
vn -0.0000 1.0000 -0.0000
vn -0.8616 -0.0000 0.5075
vn -0.5075 -0.0000 -0.8616
vn 0.8616 0.0000 -0.5075
vn 0.5075 0.0000 0.8616
# 6 vertex normals

g Cube_009
usemtl Material_054
s off
f 49//37 50//37 51//37 52//37 
f 53//38 54//38 55//38 56//38 
f 49//39 53//39 56//39 50//39 
f 50//40 56//40 55//40 51//40 
f 51//41 55//41 54//41 52//41 
f 53//42 49//42 52//42 54//42 
# 6 polygons

#
# object Cube_007
#

v  3616.0242 900.8610 -17587.6973
v  3604.1052 1054.6240 -17544.4121
v  3552.8594 1054.6240 -17558.5215
v  3564.7783 900.8610 -17601.8086
v  2962.4961 405.2870 -15414.4844
v  2974.4150 251.5239 -15457.7705
v  3013.7419 405.2870 -15400.3730
v  3025.6609 251.5239 -15443.6592
# 8 vertices

vn -0.2548 -0.2803 0.9255
vn 0.9641 0.0000 0.2655
vn 0.2548 0.2803 -0.9255
vn -0.9641 -0.0000 -0.2655
vn -0.0744 0.9599 0.2702
vn 0.0744 -0.9599 -0.2702
# 6 vertex normals

g Cube_007
usemtl Material_027
s off
f 57//43 58//43 59//43 60//43 
f 60//44 59//44 61//44 62//44 
f 62//45 61//45 63//45 64//45 
f 64//46 63//46 58//46 57//46 
f 60//47 62//47 64//47 57//47 
f 61//48 59//48 58//48 63//48 
# 6 polygons

#
# object Cube_005
#

v  3660.5286 214.6340 -17326.0547
v  3550.1677 214.6340 -17356.4434
v  3580.5554 214.6340 -17466.8027
v  3690.9163 214.6340 -17436.4141
v  3660.5283 1433.0239 -17326.0547
v  3690.9160 1433.0239 -17436.4141
v  3580.5552 1433.0239 -17466.8027
v  3550.1675 1433.0239 -17356.4434
# 8 vertices

vn 0.0000 -1.0000 0.0000
vn -0.0000 1.0000 -0.0000
vn -0.2655 -0.0000 0.9641
vn -0.9641 -0.0000 -0.2655
vn 0.2655 0.0000 -0.9641
vn 0.9641 0.0000 0.2655
# 6 vertex normals

g Cube_005
usemtl Material_026
s off
f 65//49 66//49 67//49 68//49 
f 69//50 70//50 71//50 72//50 
f 65//51 69//51 72//51 66//51 
f 66//52 72//52 71//52 67//52 
f 67//53 71//53 70//53 68//53 
f 69//54 65//54 68//54 70//54 
# 6 polygons

#
# object Cube
#

v  3137.3044 214.6340 -15425.8486
v  3026.9436 214.6340 -15456.2363
v  3057.3315 214.6340 -15566.5967
v  3167.6924 214.6340 -15536.2090
v  3137.3042 1433.0239 -15425.8486
v  3167.6921 1433.0239 -15536.2090
v  3057.3313 1433.0239 -15566.5967
v  3026.9434 1433.0239 -15456.2363
# 8 vertices

vn 0.0000 -1.0000 0.0000
vn -0.0000 1.0000 -0.0000
vn -0.2655 -0.0000 0.9641
vn -0.9641 -0.0000 -0.2655
vn 0.2655 0.0000 -0.9641
vn 0.9641 0.0000 0.2655
# 6 vertex normals

g Cube
usemtl Material
s off
f 73//55 74//55 75//55 76//55 
f 77//56 78//56 79//56 80//56 
f 73//57 77//57 80//57 74//57 
f 74//58 80//58 79//58 75//58 
f 75//59 79//59 78//59 76//59 
f 77//60 73//60 76//60 78//60 
# 6 polygons

#
# object Cube_006
#

v  3625.2144 1168.1260 -17621.0742
v  3620.2842 1327.2300 -17603.1680
v  3569.0383 1327.2300 -17617.2793
v  3573.9688 1168.1260 -17635.1855
v  2958.1707 1058.6260 -15398.7754
v  2963.1011 899.5220 -15416.6816
v  3009.4165 1058.6260 -15384.6650
v  3014.3469 899.5220 -15402.5703
# 8 vertices

vn -0.2637 -0.1159 0.9576
vn 0.9641 0.0000 0.2655
vn 0.2637 0.1159 -0.9576
vn -0.9641 -0.0000 -0.2655
vn -0.0308 0.9933 0.1118
vn 0.0308 -0.9933 -0.1118
# 6 vertex normals

g Cube_006
usemtl Material_028
s off
f 81//61 82//61 83//61 84//61 
f 84//62 83//62 85//62 86//62 
f 86//63 85//63 87//63 88//63 
f 88//64 87//64 82//64 81//64 
f 84//65 86//65 88//65 81//65 
f 85//66 83//66 82//66 87//66 
# 6 polygons

