# 3ds Max Wavefront OBJ Exporter v0.97b - (c)2007 guruware
# File Created: 01.03.2018 13:47:16

mtllib Fences.mtl

#
# object Cube_015
#

v  0.0773 1.2978 0.1760
v  0.0001 1.6048 0.2215
v  -0.0538 1.6048 0.1300
v  0.0234 1.2978 0.0845
v  -3.8794 0.3083 2.3835
v  -3.8021 0.0013 2.3380
v  -3.8255 0.3083 2.4749
v  -3.7483 0.0013 2.4294
# 8 vertices

vn -0.8271 -0.2803 0.4872
vn 0.5075 0.0000 0.8616
vn 0.8271 0.2803 -0.4872
vn -0.5075 -0.0000 -0.8616
vn -0.2415 0.9599 0.1423
vn 0.2415 -0.9599 -0.1423
# 6 vertex normals

g Cube_015
usemtl Material_049
s off
f 1//1 2//1 3//1 
f 3//1 4//1 1//1 
f 4//2 3//2 5//2 
f 5//2 6//2 4//2 
f 6//3 5//3 7//3 
f 7//3 8//3 6//3 
f 8//4 7//4 2//4 
f 2//4 1//4 8//4 
f 4//5 6//5 8//5 
f 8//5 1//5 4//5 
f 5//6 3//6 2//6 
f 2//6 7//6 5//6 
# 12 faces

#
# object Cube_014
#

v  -0.2224 -0.0723 0.6129
v  -0.3384 -0.0723 0.4160
v  -0.1415 -0.0723 0.3000
v  -0.0255 -0.0723 0.4969
v  -0.2224 2.3602 0.6129
v  -0.0255 2.3602 0.4969
v  -0.1415 2.3602 0.3000
v  -0.3384 2.3602 0.4160
# 8 vertices

vn 0.0000 -1.0000 0.0000
vn -0.0000 1.0000 -0.0000
vn -0.8616 -0.0000 0.5075
vn -0.5075 -0.0000 -0.8616
vn 0.8616 0.0000 -0.5075
vn 0.5075 0.0000 0.8616
# 6 vertex normals

g Cube_014
usemtl Material_051
s off
f 9//7 10//7 11//7 
f 11//7 12//7 9//7 
f 13//8 14//8 15//8 
f 15//8 16//8 13//8 
f 9//9 13//9 16//9 
f 16//9 10//9 9//9 
f 10//10 16//10 15//10 
f 15//10 11//10 10//10 
f 11//11 15//11 14//11 
f 14//11 12//11 11//11 
f 13//12 9//12 12//12 
f 12//12 14//12 13//12 
# 12 faces

#
# object Cube_013
#

v  -3.2671 1.8425 2.1460
v  -3.2942 2.1608 2.1619
v  -3.3480 2.1608 2.0705
v  -3.3209 1.8425 2.0545
v  -7.3140 1.7061 4.4067
v  -7.2869 1.3878 4.3907
v  -7.2602 1.7061 4.4981
v  -7.2331 1.3878 4.4822
# 8 vertices

vn -0.8575 -0.0983 0.5051
vn 0.5075 0.0000 0.8616
vn 0.8575 0.0983 -0.5051
vn -0.5075 -0.0000 -0.8616
vn -0.0847 0.9952 0.0499
vn 0.0847 -0.9952 -0.0499
# 6 vertex normals

g Cube_013
usemtl Material_053
s off
f 17//13 18//13 19//13 
f 19//13 20//13 17//13 
f 20//14 19//14 21//14 
f 21//14 22//14 20//14 
f 22//15 21//15 23//15 
f 23//15 24//15 22//15 
f 24//16 23//16 18//16 
f 18//16 17//16 24//16 
f 20//17 22//17 24//17 
f 24//17 17//17 20//17 
f 21//18 19//18 18//18 
f 18//18 23//18 21//18 
# 12 faces

#
# object Cube_012
#

v  -3.2823 0.5236 2.1550
v  -3.2663 0.8428 2.1455
v  -3.3202 0.8428 2.0541
v  -3.3362 0.5236 2.0635
v  -7.2988 1.1111 4.3977
v  -7.3148 0.7918 4.4071
v  -7.2449 1.1111 4.4891
v  -7.2609 0.7918 4.4986
# 8 vertices

vn -0.8602 0.0580 0.5067
vn 0.5075 0.0000 0.8616
vn 0.8602 -0.0580 -0.5067
vn -0.5075 -0.0000 -0.8616
vn 0.0500 0.9983 -0.0294
vn -0.0500 -0.9983 0.0294
# 6 vertex normals

g Cube_012
usemtl Material_055
s off
f 25//19 26//19 27//19 
f 27//19 28//19 25//19 
f 28//20 27//20 29//20 
f 29//20 30//20 28//20 
f 30//21 29//21 31//21 
f 31//21 32//21 30//21 
f 32//22 31//22 26//22 
f 26//22 25//22 32//22 
f 28//23 30//23 32//23 
f 32//23 25//23 28//23 
f 29//24 27//24 26//24 
f 26//24 31//24 29//24 
# 12 faces

#
# object Cube_011
#

v  -7.0675 -0.0723 4.6450
v  -7.1835 -0.0723 4.4481
v  -6.9866 -0.0723 4.3321
v  -6.8706 -0.0723 4.5290
v  -7.0675 2.3602 4.6450
v  -6.8706 2.3602 4.5290
v  -6.9866 2.3602 4.3321
v  -7.1835 2.3602 4.4481
# 8 vertices

vn 0.0000 -1.0000 0.0000
vn -0.0000 1.0000 -0.0000
vn -0.8616 -0.0000 0.5075
vn -0.5075 -0.0000 -0.8616
vn 0.8616 0.0000 -0.5075
vn 0.5075 0.0000 0.8616
# 6 vertex normals

g Cube_011
usemtl Material_052
s off
f 33//25 34//25 35//25 
f 35//25 36//25 33//25 
f 37//26 38//26 39//26 
f 39//26 40//26 37//26 
f 33//27 37//27 40//27 
f 40//27 34//27 33//27 
f 34//28 40//28 39//28 
f 39//28 35//28 34//28 
f 35//29 39//29 38//29 
f 38//29 36//29 35//29 
f 37//30 33//30 36//30 
f 36//30 38//30 37//30 
# 12 faces

#
# object Cube_010
#

v  0.1369 1.8314 0.1409
v  0.1049 2.1490 0.1597
v  0.0511 2.1490 0.0683
v  0.0830 1.8314 0.0495
v  -3.9074 1.6127 2.4000
v  -3.8754 1.2951 2.3812
v  -3.8535 1.6127 2.4914
v  -3.8216 1.2951 2.4726
# 8 vertices

vn -0.8558 -0.1159 0.5041
vn 0.5075 0.0000 0.8616
vn 0.8558 0.1159 -0.5041
vn -0.5075 -0.0000 -0.8616
vn -0.0999 0.9933 0.0588
vn 0.0999 -0.9933 -0.0588
# 6 vertex normals

g Cube_010
usemtl Material_050
s off
f 41//31 42//31 43//31 
f 43//31 44//31 41//31 
f 44//32 43//32 45//32 
f 45//32 46//32 44//32 
f 46//33 45//33 47//33 
f 47//33 48//33 46//33 
f 48//34 47//34 42//34 
f 42//34 41//34 48//34 
f 44//35 46//35 48//35 
f 48//35 41//35 44//35 
f 45//36 43//36 42//36 
f 42//36 47//36 45//36 
# 12 faces

#
# object Cube_009
#

v  -3.6130 -0.0723 2.6101
v  -3.7289 -0.0723 2.4132
v  -3.5320 -0.0723 2.2972
v  -3.4160 -0.0723 2.4941
v  -3.6130 2.3602 2.6101
v  -3.4160 2.3602 2.4941
v  -3.5320 2.3602 2.2972
v  -3.7289 2.3602 2.4132
# 8 vertices

vn 0.0000 -1.0000 0.0000
vn -0.0000 1.0000 -0.0000
vn -0.8616 -0.0000 0.5075
vn -0.5075 -0.0000 -0.8616
vn 0.8616 0.0000 -0.5075
vn 0.5075 0.0000 0.8616
# 6 vertex normals

g Cube_009
usemtl Material_054
s off
f 49//37 50//37 51//37 
f 51//37 52//37 49//37 
f 53//38 54//38 55//38 
f 55//38 56//38 53//38 
f 49//39 53//39 56//39 
f 56//39 50//39 49//39 
f 50//40 56//40 55//40 
f 55//40 51//40 50//40 
f 51//41 55//41 54//41 
f 54//41 52//41 51//41 
f 53//42 49//42 52//42 
f 52//42 54//42 53//42 
# 12 faces

#
# object Cube_007
#

v  3.6470 1.3031 -4.3402
v  3.6232 1.6101 -4.2537
v  3.5209 1.6101 -4.2819
v  3.5447 1.3031 -4.3683
v  2.3422 0.3137 -0.0013
v  2.3660 0.0067 -0.0877
v  2.4445 0.3137 0.0269
v  2.4683 0.0067 -0.0595
# 8 vertices

vn -0.2548 -0.2803 0.9255
vn 0.9641 0.0000 0.2655
vn 0.2548 0.2803 -0.9255
vn -0.9641 -0.0000 -0.2655
vn -0.0744 0.9599 0.2702
vn 0.0744 -0.9599 -0.2702
# 6 vertex normals

g Cube_007
usemtl Material_027
s off
f 57//43 58//43 59//43 
f 59//43 60//43 57//43 
f 60//44 59//44 61//44 
f 61//44 62//44 60//44 
f 62//45 61//45 63//45 
f 63//45 64//45 62//45 
f 64//46 63//46 58//46 
f 58//46 57//46 64//46 
f 60//47 62//47 64//47 
f 64//47 57//47 60//47 
f 61//48 59//48 58//48 
f 58//48 63//48 61//48 
# 12 faces

#
# object Cube_005
#

v  3.7358 -0.0669 -3.8178
v  3.5155 -0.0669 -3.8785
v  3.5762 -0.0669 -4.0988
v  3.7965 -0.0669 -4.0381
v  3.7358 2.3656 -3.8178
v  3.7965 2.3656 -4.0381
v  3.5762 2.3656 -4.0988
v  3.5155 2.3656 -3.8785
# 8 vertices

vn 0.0000 -1.0000 0.0000
vn -0.0000 1.0000 -0.0000
vn -0.2655 -0.0000 0.9641
vn -0.9641 -0.0000 -0.2655
vn 0.2655 0.0000 -0.9641
vn 0.9641 0.0000 0.2655
# 6 vertex normals

g Cube_005
usemtl Material_026
s off
f 65//49 66//49 67//49 
f 67//49 68//49 65//49 
f 69//50 70//50 71//50 
f 71//50 72//50 69//50 
f 65//51 69//51 72//51 
f 72//51 66//51 65//51 
f 66//52 72//52 71//52 
f 71//52 67//52 66//52 
f 67//53 71//53 70//53 
f 70//53 68//53 67//53 
f 69//54 65//54 68//54 
f 68//54 70//54 69//54 
# 12 faces

#
# object Cube
#

v  2.6912 -0.0669 -0.0240
v  2.4709 -0.0669 -0.0846
v  2.5315 -0.0669 -0.3050
v  2.7519 -0.0669 -0.2443
v  2.6912 2.3656 -0.0240
v  2.7519 2.3656 -0.2443
v  2.5315 2.3656 -0.3050
v  2.4709 2.3656 -0.0846
# 8 vertices

vn 0.0000 -1.0000 0.0000
vn -0.0000 1.0000 -0.0000
vn -0.2655 -0.0000 0.9641
vn -0.9641 -0.0000 -0.2655
vn 0.2655 0.0000 -0.9641
vn 0.9641 0.0000 0.2655
# 6 vertex normals

g Cube
usemtl Material
s off
f 73//55 74//55 75//55 
f 75//55 76//55 73//55 
f 77//56 78//56 79//56 
f 79//56 80//56 77//56 
f 73//57 77//57 80//57 
f 80//57 74//57 73//57 
f 74//58 80//58 79//58 
f 79//58 75//58 74//58 
f 75//59 79//59 78//59 
f 78//59 76//59 75//59 
f 77//60 73//60 76//60 
f 76//60 78//60 77//60 
# 12 faces

#
# object Cube_006
#

v  3.6653 1.8367 -4.4068
v  3.6555 2.1544 -4.3710
v  3.5532 2.1544 -4.3992
v  3.5630 1.8367 -4.4350
v  2.3336 1.6181 0.0301
v  2.3434 1.3005 -0.0057
v  2.4359 1.6181 0.0583
v  2.4457 1.3005 0.0225
# 8 vertices

vn -0.2637 -0.1159 0.9576
vn 0.9641 0.0000 0.2655
vn 0.2637 0.1159 -0.9576
vn -0.9641 -0.0000 -0.2655
vn -0.0308 0.9933 0.1118
vn 0.0308 -0.9933 -0.1118
# 6 vertex normals

g Cube_006
usemtl Material_028
s off
f 81//61 82//61 83//61 
f 83//61 84//61 81//61 
f 84//62 83//62 85//62 
f 85//62 86//62 84//62 
f 86//63 85//63 87//63 
f 87//63 88//63 86//63 
f 88//64 87//64 82//64 
f 82//64 81//64 88//64 
f 84//65 86//65 88//65 
f 88//65 81//65 84//65 
f 85//66 83//66 82//66 
f 82//66 87//66 85//66 
# 12 faces

